    10.0000         0
    10.0200         2
    10.0400         6
    10.0600         4
    10.0800         7
    10.1000         5
    10.1200        10
    10.1400        13
    10.1600        12
    10.1800        11
    10.2000        13
    10.2200         7
    10.2400         8
    10.2600        11
    10.2800         5
    10.3000         5
    10.3200         0
    10.3400         0
    10.3600         0
    10.3800         0
    10.4000         3
    10.4200         1
    10.4400        10
    10.4600         9
    10.4800         7
    10.5000        13
    10.5200        12
    10.5400        10
    10.5600        11
    10.5800        12
    10.6000         9
    10.6200         8
    10.6400         4
    10.6600         3
    10.6800         5
    10.7000         6
    10.7200         7
    10.7400         8
    10.7600        16
    10.7800        12
    10.8000        13
    10.8200        17
    10.8400        11
    10.8600        14
    10.8800        12
    10.9000        12
    10.9200        12
    10.9400         7
    10.9600         6
    10.9800         4
    11.0000         5
    11.0200         7
    11.0400         3
    11.0600         7
    11.0800         4
    11.1000         1
    11.1200         4
    11.1400         3
    11.1600         6
    11.1800         5
    11.2000         5
    11.2200        11
    11.2400        12
    11.2600        10
    11.2800        10
    11.3000         7
    11.3200         9
    11.3400         7
    11.3600         7
    11.3800         8
    11.4000         1
    11.4200         1
    11.4400         1
    11.4600         1
    11.4800         3
    11.5000         2
    11.5200         1
    11.5400         4
    11.5600         0
    11.5800         0
    11.6000         1
    11.6200         0
    11.6400         2
    11.6600         5
    11.6800        11
    11.7000         6
    11.7200         3
    11.7400         7
    11.7600         8
    11.7800         5
    11.8000         5
    11.8200         5
    11.8400         5
    11.8600         2
    11.8800         0
    11.9000         3
    11.9200         0
    11.9400         0
    11.9600         2
    11.9800         1
    12.0000         2
    12.0200         0
    12.0400         0
    12.0600         0
    12.0800         0
    12.1000         0
    12.1200         0
    12.1400         0
    12.1600         0
    12.1800         0
    12.2000         0
    12.2200         2
    12.2400         1
    12.2600         3
    12.2800         2
    12.3000         0
    12.3200         3
    12.3400         2
    12.3600         0
    12.3800         0
    12.4000         0
    12.4200         0
    12.4400         0
    12.4600         0
    12.4800         0
    12.5000         0
    12.5200         0
    12.5400         0
    12.5600         1
    12.5800         5
    12.6000         6
    12.6200         8
    12.6400        11
    12.6600        12
    12.6800        12
    12.7000        12
    12.7200        10
    12.7400         7
    12.7600         1
    12.7800         0
    12.8000         3
    12.8200         1
    12.8400         0
    12.8600         4
    12.8800         3
    12.9000         0
    12.9200         1
    12.9400         0
    12.9600         0
    12.9800         2
    13.0000         0
    13.0200         0
    13.0400         0
    13.0600         0
    13.0800         0
    13.1000         0
    13.1200         1
    13.1400         1
    13.1600         3
    13.1800         3
    13.2000         2
    13.2200         1
    13.2400         5
    13.2600         0
    13.2800         0
    13.3000         3
    13.3200         0
    13.3400         0
    13.3600         1
    13.3800         3
    13.4000         9
    13.4200         8
    13.4400         6
    13.4600         6
    13.4800         6
    13.5000         5
    13.5200         6
    13.5400         8
    13.5600         7
    13.5800         1
    13.6000         4
    13.6200         5
    13.6400         0
    13.6600         1
    13.6800         6
    13.7000         8
    13.7200         9
    13.7400         4
    13.7600         6
    13.7800        10
    13.8000         7
    13.8200         1
    13.8400         4
    13.8600         0
    13.8800         0
    13.9000         0
    13.9200         0
    13.9400         0
    13.9600         0
    13.9800         2
    14.0000         7
    14.0200         9
    14.0400         5
    14.0600         4
    14.0800        11
    14.1000        15
    14.1200        10
    14.1400        11
    14.1600        14
    14.1800        12
    14.2000        14
    14.2200        15
    14.2400         9
    14.2600        11
    14.2800        15
    14.3000        11
    14.3200         8
    14.3400         7
    14.3600         0
    14.3800         0
    14.4000         3
    14.4200         1
    14.4400         0
    14.4600         0
    14.4800         0
    14.5000         3
    14.5200         9
    14.5400         6
    14.5600         9
    14.5800        13
    14.6000        11
    14.6200         8
    14.6400        11
    14.6600         7
    14.6800         2
    14.7000         6
    14.7200         2
    14.7400         0
    14.7600         2
    14.7800         1
    14.8000         0
    14.8200         0
    14.8400         0
    14.8600         0
    14.8800         0
    14.9000         0
    14.9200         0
    14.9400         0
    14.9600         7
    14.9800         9
    15.0000        11
    15.0200        16
    15.0400        19
    15.0600        20
    15.0800        22
    15.1000        20
    15.1200        18
    15.1400        17
    15.1600        13
    15.1800        13
    15.2000         6
    15.2200         7
    15.2400         8
    15.2600         5
    15.2800         3
    15.3000         2
    15.3200         1
    15.3400         3
    15.3600         6
    15.3800         3
    15.4000         3
    15.4200         5
    15.4400         6
    15.4600         3
    15.4800         3
    15.5000         3
    15.5200         0
    15.5400         0
    15.5600         2
    15.5800         1
    15.6000         0
    15.6200         1
    15.6400         0
    15.6600         0
    15.6800         2
    15.7000         0
    15.7200         0
    15.7400         1
    15.7600         5
    15.7800         4
    15.8000         6
    15.8200         8
    15.8400        10
    15.8600        10
    15.8800        12
    15.9000         8
    15.9200         8
    15.9400         6
    15.9600         1
    15.9800         0
    16.0000         1
    16.0200         1
    16.0400         0
    16.0600         0
    16.0800         2
    16.1000         2
    16.1200         4
    16.1400         5
    16.1600         5
    16.1800         6
    16.2000         7
    16.2200         6
    16.2400         4
    16.2600         2
    16.2800         2
    16.3000         2
    16.3200         1
    16.3400         0
    16.3600         0
    16.3800         0
    16.4000         0
    16.4200         0
    16.4400         0
    16.4600         2
    16.4800         5
    16.5000         6
    16.5200         1
    16.5400         1
    16.5600         3
    16.5800         1
    16.6000         0
    16.6200         1
    16.6400         2
    16.6600         3
    16.6800         4
    16.7000         3
    16.7200         6
    16.7400        10
    16.7600        11
    16.7800         7
    16.8000         7
    16.8200         3
    16.8400         0
    16.8600         0
    16.8800         1
    16.9000         0
    16.9200         0
    16.9400         0
    16.9600         0
    16.9800         0
    17.0000         0
    17.0200         0
    17.0400         0
    17.0600         0
    17.0800         0
    17.1000         0
    17.1200         0
    17.1400         0
    17.1600         0
    17.1800         0
    17.2000         0
    17.2200         0
    17.2400         0
    17.2600         1
    17.2800         0
    17.3000         0
    17.3200         0
    17.3400         0
    17.3600         0
    17.3800         0
    17.4000         1
    17.4200         0
    17.4400         1
    17.4600         1
    17.4800         0
    17.5000         2
    17.5200         2
    17.5400         2
    17.5600         3
    17.5800         6
    17.6000         7
    17.6200         4
    17.6400         4
    17.6600         7
    17.6800         6
    17.7000         5
    17.7200         4
    17.7400         2
    17.7600         3
    17.7800         2
    17.8000         0
    17.8200         1
    17.8400         0
    17.8600         0
    17.8800         0
    17.9000         0
    17.9200         6
    17.9400         9
    17.9600        11
    17.9800        13
    18.0000        12
    18.0200        13
    18.0400         9
    18.0600         7
    18.0800         8
    18.1000         9
    18.1200         6
    18.1400         3
    18.1600         5
    18.1800         2
    18.2000         0
    18.2200         3
    18.2400         8
    18.2600         8
    18.2800         1
    18.3000         0
    18.3200         2
    18.3400         1
    18.3600         1
    18.3800         3
    18.4000         4
    18.4200         4
    18.4400         2
    18.4600         5
    18.4800         5
    18.5000         7
    18.5200         8
    18.5400         6
    18.5600         3
    18.5800         0
    18.6000         0
    18.6200         1
    18.6400         1
    18.6600         2
    18.6800         4
    18.7000         7
    18.7200         8
    18.7400         8
    18.7600         9
    18.7800        10
    18.8000        13
    18.8200        14
    18.8400        12
    18.8600        10
    18.8800         4
    18.9000         4
    18.9200         1
    18.9400         0
    18.9600         4
    18.9800         5
    19.0000         8
    19.0200        11
    19.0400        13
    19.0600        11
    19.0800        14
    19.1000        12
    19.1200        15
    19.1400        14
    19.1600        14
    19.1800        13
    19.2000        10
    19.2200         9
    19.2400         4
    19.2600         4
    19.2800         5
    19.3000         8
    19.3200        12
    19.3400        13
    19.3600        14
    19.3800        16
    19.4000        14
    19.4200        11
    19.4400         8
    19.4600         8
    19.4800        11
    19.5000        10
    19.5200         6
    19.5400         7
    19.5600         3
    19.5800         1
    19.6000         4
    19.6200        11
    19.6400        10
    19.6600         4
    19.6800         2
    19.7000         6
    19.7200         0
    19.7400         2
    19.7600         0
    19.7800         0
    19.8000         7
    19.8200         3
    19.8400         2
    19.8600         3
    19.8800         0
    19.9000         2
    19.9200         1
    19.9400         0
    19.9600         1
    19.9800         0
    20.0000         0
    20.0200         0
    20.0400         0
    20.0600         6
    20.0800        12
    20.1000        16
    20.1200        19
    20.1400        18
    20.1600        18
    20.1800        14
    20.2000        15
    20.2200        14
    20.2400         7
    20.2600         0
    20.2800         3
    20.3000         6
    20.3200         2
    20.3400         0
    20.3600         1
    20.3800         8
    20.4000        10
    20.4200        10
    20.4400        10
    20.4600        14
    20.4800         9
    20.5000         4
    20.5200         4
    20.5400         7
    20.5600         9
    20.5800         7
    20.6000         8
    20.6200         9
    20.6400         5
    20.6600         8
    20.6800         8
    20.7000        13
    20.7200        18
    20.7400        18
    20.7600        18
    20.7800        15
    20.8000        10
    20.8200        12
    20.8400        11
    20.8600        17
    20.8800        17
    20.9000        11
    20.9200         9
    20.9400         9
    20.9600        12
    20.9800        13
    21.0000        10
    21.0200         9
    21.0400        10
    21.0600        10
    21.0800        13
    21.1000        14
    21.1200        16
    21.1400        13
    21.1600        10
    21.1800        11
    21.2000        10
    21.2200         9
    21.2400        11
    21.2600         8
    21.2800         8
    21.3000         5
    21.3200         3
    21.3400         0
    21.3600         0
    21.3800         2
    21.4000         3
    21.4200         3
    21.4400         2
    21.4600         2
    21.4800         3
    21.5000         5
    21.5200        12
    21.5400        18
    21.5600        24
    21.5800        22
    21.6000        25
    21.6200        19
    21.6400        19
    21.6600        17
    21.6800        18
    21.7000        15
    21.7200        12
    21.7400        10
    21.7600         9
    21.7800         5
    21.8000         4
    21.8200         3
    21.8400         8
    21.8600        13
    21.8800        13
    21.9000         7
    21.9200         5
    21.9400         3
    21.9600         7
    21.9800         6
    22.0000         6
    22.0200         3
    22.0400         4
    22.0600         4
    22.0800         8
    22.1000         5
    22.1200         4
    22.1400         3
    22.1600         8
    22.1800         9
    22.2000         7
    22.2200         0
    22.2400         0
    22.2600         1
    22.2800         5
    22.3000         4
    22.3200         7
    22.3400         4
    22.3600        10
    22.3800        12
    22.4000        15
    22.4200        13
    22.4400        13
    22.4600         9
    22.4800         9
    22.5000         8
    22.5200         6
    22.5400         5
    22.5600         4
    22.5800         4
    22.6000         5
    22.6200         8
    22.6400        13
    22.6600        15
    22.6800        14
    22.7000        16
    22.7200        15
    22.7400        17
    22.7600        14
    22.7800        15
    22.8000         9
    22.8200         7
    22.8400         5
    22.8600         5
    22.8800         4
    22.9000         6
    22.9200         6
    22.9400        10
    22.9600         7
    22.9800         9
    23.0000         8
    23.0200        14
    23.0400        11
    23.0600        12
    23.0800         9
    23.1000         9
    23.1200         7
    23.1400        10
    23.1600         9
    23.1800         8
    23.2000         2
    23.2200         3
    23.2400         3
    23.2600         6
    23.2800         5
    23.3000         9
    23.3200         6
    23.3400         4
    23.3600         2
    23.3800         6
    23.4000         8
    23.4200        11
    23.4400         6
    23.4600         5
    23.4800         3
    23.5000         5
    23.5200         4
    23.5400         2
    23.5600         2
    23.5800         0
    23.6000         2
    23.6200         1
    23.6400         2
    23.6600         4
    23.6800         5
    23.7000         7
    23.7200         3
    23.7400         0
    23.7600         0
    23.7800         0
    23.8000         5
    23.8200         1
    23.8400         1
    23.8600         0
    23.8800         0
    23.9000         0
    23.9200         1
    23.9400         3
    23.9600        11
    23.9800        10
    24.0000        10
    24.0200         7
    24.0400         7
    24.0600         4
    24.0800         2
    24.1000         1
    24.1200         2
    24.1400         0
    24.1600         0
    24.1800         0
    24.2000         1
    24.2200         1
    24.2400         3
    24.2600         6
    24.2800        10
    24.3000         3
    24.3200         1
    24.3400         1
    24.3600         5
    24.3800         3
    24.4000         3
    24.4200         3
    24.4400         5
    24.4600         3
    24.4800         5
    24.5000         8
    24.5200         9
    24.5400        10
    24.5600         9
    24.5800         7
    24.6000         5
    24.6200         0
    24.6400         0
    24.6600         0
    24.6800         1
    24.7000         1
    24.7200         1
    24.7400         0
    24.7600         0
    24.7800         0
    24.8000         0
    24.8200         4
    24.8400         4
    24.8600         5
    24.8800         7
    24.9000         7
    24.9200         6
    24.9400         3
    24.9600         4
    24.9800         5
    25.0000         8
    25.0200         5
    25.0400         7
    25.0600         7
    25.0800         7
    25.1000         7
    25.1200         5
    25.1400         1
    25.1600         0
    25.1800         1
    25.2000         1
    25.2200         2
    25.2400         1
    25.2600         1
    25.2800         0
    25.3000         0
    25.3200         0
    25.3400         0
    25.3600         2
    25.3800         2
    25.4000         6
    25.4200        11
    25.4400        10
    25.4600         7
    25.4800         8
    25.5000         9
    25.5200         6
    25.5400         5
    25.5600         0
    25.5800         3
    25.6000         6
    25.6200        10
    25.6400        12
    25.6600        11
    25.6800         7
    25.7000         4
    25.7200         7
    25.7400         9
    25.7600         7
    25.7800         5
    25.8000         6
    25.8200         4
    25.8400         3
    25.8600         4
    25.8800         0
    25.9000         2
    25.9200         4
    25.9400         8
    25.9600         8
    25.9800        10
    26.0000         9
    26.0200         7
    26.0400         7
    26.0600         6
    26.0800         9
    26.1000         8
    26.1200         8
    26.1400         5
    26.1600         6
    26.1800         3
    26.2000         1
    26.2200         1
    26.2400         3
    26.2600         4
    26.2800         8
    26.3000        10
    26.3200         8
    26.3400         7
    26.3600         2
    26.3800         3
    26.4000         2
    26.4200         0
    26.4400         0
    26.4600         0
    26.4800         1
    26.5000         0
    26.5200         0
    26.5400         0
    26.5600         0
    26.5800         1
    26.6000         2
    26.6200         5
    26.6400         8
    26.6600         9
    26.6800         9
    26.7000         8
    26.7200         9
    26.7400         8
    26.7600         7
    26.7800         9
    26.8000        11
    26.8200         7
    26.8400         7
    26.8600         5
    26.8800         1
    26.9000         0
    26.9200         0
    26.9400         0
    26.9600         1
    26.9800         1
    27.0000         1
    27.0200         0
    27.0400         0
    27.0600         0
    27.0800         0
    27.1000         0
    27.1200         0
    27.1400         0
    27.1600         1
    27.1800         3
    27.2000         0
    27.2200         5
    27.2400        10
    27.2600        14
    27.2800        15
    27.3000        11
    27.3200         7
    27.3400        11
    27.3600         8
    27.3800        10
    27.4000         9
    27.4200         2
    27.4400         1
    27.4600         0
    27.4800         4
    27.5000         4
    27.5200         6
    27.5400        12
    27.5600        12
    27.5800        13
    27.6000        11
    27.6200         8
    27.6400         6
    27.6600         6
    27.6800         3
    27.7000         0
    27.7200         0
    27.7400         0
    27.7600         0
    27.7800         1
    27.8000         1
    27.8200         0
    27.8400         0
    27.8600         0
    27.8800         0
    27.9000         5
    27.9200         8
    27.9400         7
    27.9600         9
    27.9800         2
    28.0000         0
    28.0200         0
    28.0400         0
    28.0600         1
    28.0800         1
    28.1000         2
    28.1200         1
    28.1400         0
    28.1600         0
    28.1800         0
    28.2000         0
    28.2200         1
    28.2400         2
    28.2600         1
    28.2800         1
    28.3000         0
    28.3200         0
    28.3400         0
    28.3600         0
    28.3800         0
    28.4000         0
    28.4200         4
    28.4400         3
    28.4600         2
    28.4800         4
    28.5000         5
    28.5200         3
    28.5400         2
    28.5600         0
    28.5800         2
    28.6000         1
    28.6200         0
    28.6400         1
    28.6600         0
    28.6800         0
    28.7000         1
    28.7200         1
    28.7400         2
    28.7600         2
    28.7800         1
    28.8000         3
    28.8200         2
    28.8400         5
    28.8600         5
    28.8800         9
    28.9000        11
    28.9200         8
    28.9400         9
    28.9600         6
    28.9800         2
    29.0000         6
    29.0200         7
    29.0400         8
    29.0600         7
    29.0800         5
    29.1000         2
    29.1200         2
    29.1400         5
    29.1600         6
    29.1800         0
    29.2000         4
    29.2200         0
    29.2400         0
    29.2600         2
    29.2800         1
    29.3000         2
    29.3200         3
    29.3400         6
    29.3600         9
    29.3800         7
    29.4000         8
    29.4200         5
    29.4400         5
    29.4600         6
    29.4800         3
    29.5000         1
    29.5200         0
    29.5400         0
    29.5600         0
    29.5800         1
    29.6000         2
    29.6200         1
    29.6400         1
    29.6600         0
    29.6800         0
    29.7000         0
    29.7200         0
    29.7400         0
    29.7600         0
    29.7800         0
    29.8000         0
    29.8200         0
    29.8400         0
    29.8600         0
    29.8800         0
    29.9000         4
    29.9200         5
    29.9400         6
    29.9600         7
    29.9800         7
    30.0000         5
    30.0200         6
    30.0400         4
    30.0600         3
    30.0800         4
    30.1000         6
    30.1200         3
    30.1400         7
    30.1600         7
    30.1800         8
    30.2000        11
    30.2200        10
    30.2400        11
    30.2600        10
    30.2800         8
    30.3000        10
    30.3200         5
    30.3400         2
    30.3600         2
    30.3800         2
    30.4000         5
    30.4200         6
    30.4400         4
    30.4600         3
    30.4800         1
    30.5000         0
    30.5200         2
    30.5400         0
    30.5600         0
    30.5800         1
    30.6000         0
    30.6200         0
    30.6400         0
    30.6600         0
    30.6800         0
    30.7000         0
    30.7200         0
    30.7400         0
    30.7600         0
    30.7800         0
    30.8000         0
    30.8200         0
    30.8400         0
    30.8600         0
    30.8800         0
    30.9000         2
    30.9200         5
    30.9400         6
    30.9600         6
    30.9800         5
    31.0000         0
    31.0200         0
    31.0400         1
    31.0600         1
    31.0800         3
    31.1000         2
    31.1200         1
    31.1400         3
    31.1600         4
    31.1800        10
    31.2000        12
    31.2200        12
    31.2400        13
    31.2600         7
    31.2800         4
    31.3000         1
    31.3200         0
    31.3400         3
    31.3600         4
    31.3800         3
    31.4000         7
    31.4200         2
    31.4400         2
    31.4600         0
    31.4800         0
    31.5000         3
    31.5200         2
    31.5400         3
    31.5600         4
    31.5800         0
    31.6000         1
    31.6200         2
    31.6400         5
    31.6600        10
    31.6800        10
    31.7000         8
    31.7200         7
    31.7400         2
    31.7600         0
    31.7800         0
    31.8000         0
    31.8200         4
    31.8400         5
    31.8600         7
    31.8800         8
    31.9000         5
    31.9200         8
    31.9400         6
    31.9600         7
    31.9800         9
    32.0000         4
    32.0200         6
    32.0400         4
    32.0600         3
    32.0800         2
    32.1000         1
    32.1200         2
    32.1400         4
    32.1600         7
    32.1800        11
    32.2000        14
    32.2200        16
    32.2400        22
    32.2600        17
    32.2800        16
    32.3000        14
    32.3200         8
    32.3400         9
    32.3600         4
    32.3800         1
    32.4000         0
    32.4200         0
    32.4400         0
    32.4600         2
    32.4800         5
    32.5000         5
    32.5200        10
    32.5400        13
    32.5600        16
    32.5800        19
    32.6000        19
    32.6200        16
    32.6400        12
    32.6600        12
    32.6800         9
    32.7000        11
    32.7200         9
    32.7400         7
    32.7600        11
    32.7800         9
    32.8000         9
    32.8200        10
    32.8400        11
    32.8600        11
    32.8800        13
    32.9000        14
    32.9200        11
    32.9400        10
    32.9600         7
    32.9800         7
    33.0000         6
    33.0200         6
    33.0400         8
    33.0600         7
    33.0800         9
    33.1000         6
    33.1200         7
    33.1400         7
    33.1600         6
    33.1800         7
    33.2000         8
    33.2200         5
    33.2400         4
    33.2600         1
    33.2800         0
    33.3000         1
    33.3200         0
    33.3400         3
    33.3600         7
    33.3800        11
    33.4000        13
    33.4200        13
    33.4400        15
    33.4600        16
    33.4800        16
    33.5000        16
    33.5200        14
    33.5400         9
    33.5600         6
    33.5800         3
    33.6000         4
    33.6200         0
    33.6400         0
    33.6600         1
    33.6800         3
    33.7000         1
    33.7200         3
    33.7400         5
    33.7600         4
    33.7800         8
    33.8000        11
    33.8200         8
    33.8400         7
    33.8600         7
    33.8800         6
    33.9000         2
    33.9200         0
    33.9400         0
    33.9600         3
    33.9800         0
    34.0000         6
    34.0200         2
    34.0400         5
    34.0600         7
    34.0800         7
    34.1000         8
    34.1200        12
    34.1400        11
    34.1600        13
    34.1800        16
    34.2000        13
    34.2200        11
    34.2400        10
    34.2600        10
    34.2800         8
    34.3000         9
    34.3200        11
    34.3400         4
    34.3600         1
    34.3800         0
    34.4000         0
    34.4200         0
    34.4400         4
    34.4600         3
    34.4800         3
    34.5000         5
    34.5200         3
    34.5400         4
    34.5600         3
    34.5800         4
    34.6000         3
    34.6200         4
    34.6400         0
    34.6600         0
    34.6800         0
    34.7000         0
    34.7200         3
    34.7400         5
    34.7600         7
    34.7800         5
    34.8000         2
    34.8200         2
    34.8400         3
    34.8600         4
    34.8800         3
    34.9000         2
    34.9200         0
    34.9400         2
    34.9600         0
    34.9800         2
    35.0000         0
    35.0200         1
    35.0400         2
    35.0600         2
    35.0800         0
    35.1000         0
    35.1200         0
    35.1400         0
    35.1600         1
    35.1800         0
    35.2000         0
    35.2200         1
    35.2400         4
    35.2600         7
    35.2800         5
    35.3000         8
    35.3200         4
    35.3400         5
    35.3600         5
    35.3800         4
    35.4000         0
    35.4200         2
    35.4400         0
    35.4600         0
    35.4800         0
    35.5000         0
    35.5200         1
    35.5400         1
    35.5600         1
    35.5800         2
    35.6000         0
    35.6200         1
    35.6400         2
    35.6600         4
    35.6800         4
    35.7000         7
    35.7200         9
    35.7400        11
    35.7600        13
    35.7800        14
    35.8000        15
    35.8200        13
    35.8400        12
    35.8600        15
    35.8800        17
    35.9000        18
    35.9200        17
    35.9400        20
    35.9600        20
    35.9800        16
    36.0000        13
    36.0200        16
    36.0400        17
    36.0600        13
    36.0800        13
    36.1000        11
    36.1200         6
    36.1400         1
    36.1600         2
    36.1800         0
    36.2000         0
    36.2200         0
    36.2400         0
    36.2600         2
    36.2800         2
    36.3000         2
    36.3200         1
    36.3400         0
    36.3600         0
    36.3800         0
    36.4000         0
    36.4200         1
    36.4400         1
    36.4600         1
    36.4800         1
    36.5000         0
    36.5200         0
    36.5400         0
    36.5600         1
    36.5800         0
    36.6000         0
    36.6200         2
    36.6400         8
    36.6600         8
    36.6800         7
    36.7000         8
    36.7200         6
    36.7400         4
    36.7600         4
    36.7800         4
    36.8000         1
    36.8200         9
    36.8400        13
    36.8600        13
    36.8800        14
    36.9000        11
    36.9200        10
    36.9400         9
    36.9600        11
    36.9800         9
    37.0000        13
    37.0200        14
    37.0400        12
    37.0600         9
    37.0800        11
    37.1000         8
    37.1200         6
    37.1400        13
    37.1600        11
    37.1800        10
    37.2000        12
    37.2200        13
    37.2400        12
    37.2600        13
    37.2800        15
    37.3000        16
    37.3200        21
    37.3400        23
    37.3600        26
    37.3800        34
    37.4000        40
    37.4200        40
    37.4400        48
    37.4600        59
    37.4800        69
    37.5000        82
    37.5200        95
    37.5400       111
    37.5600       119
    37.5800       134
    37.6000       156
    37.6200       181
    37.6400       201
    37.6600       237
    37.6800       275
    37.7000       322
    37.7200       380
    37.7400       453
    37.7600       541
    37.7800       638
    37.8000       746
    37.8200       862
    37.8400       991
    37.8600      1134
    37.8800      1301
    37.9000      1490
    37.9200      1700
    37.9400      1922
    37.9600      2117
    37.9800      2307
    38.0000      2451
    38.0200      2570
    38.0400      2638
    38.0600      2658
    38.0800      2618
    38.1000      2519
    38.1200      2340
    38.1400      2115
    38.1600      1846
    38.1800      1558
    38.2000      1281
    38.2200      1009
    38.2400       780
    38.2600       567
    38.2800       386
    38.3000       247
    38.3200       140
    38.3400        73
    38.3600        34
    38.3800        30
    38.4000        34
    38.4200        47
    38.4400        48
    38.4600        47
    38.4800        46
    38.5000        43
    38.5200        37
    38.5400        34
    38.5600        34
    38.5800        36
    38.6000        34
    38.6200        34
    38.6400        34
    38.6600        31
    38.6800        25
    38.7000        22
    38.7200        21
    38.7400        20
    38.7600        13
    38.7800        12
    38.8000        13
    38.8200         9
    38.8400         9
    38.8600        14
    38.8800        12
    38.9000        15
    38.9200        10
    38.9400        15
    38.9600        12
    38.9800        10
    39.0000         6
    39.0200         4
    39.0400         4
    39.0600         1
    39.0800         3
    39.1000         3
    39.1200         6
    39.1400         5
    39.1600         3
    39.1800         2
    39.2000         1
    39.2200         2
    39.2400         0
    39.2600         0
    39.2800         2
    39.3000         0
    39.3200         0
    39.3400         3
    39.3600         3
    39.3800         0
    39.4000         0
    39.4200         0
    39.4400         4
    39.4600         5
    39.4800         5
    39.5000         6
    39.5200         4
    39.5400         4
    39.5600         1
    39.5800         0
    39.6000         0
    39.6200         0
    39.6400         0
    39.6600         3
    39.6800         1
    39.7000         1
    39.7200         1
    39.7400         1
    39.7600         0
    39.7800         0
    39.8000         4
    39.8200         6
    39.8400        10
    39.8600        11
    39.8800        10
    39.9000        11
    39.9200        13
    39.9400        15
    39.9600        13
    39.9800        15
    40.0000        11
    40.0200        13
    40.0400         8
    40.0600         6
    40.0800         3
    40.1000         5
    40.1200         3
    40.1400         0
    40.1600         0
    40.1800         0
    40.2000         0
    40.2200         0
    40.2400         0
    40.2600         1
    40.2800         0
    40.3000         5
    40.3200         7
    40.3400        12
    40.3600        10
    40.3800        11
    40.4000         7
    40.4200         4
    40.4400         0
    40.4600         0
    40.4800         0
    40.5000         0
    40.5200         0
    40.5400         1
    40.5600         2
    40.5800         2
    40.6000         2
    40.6200         1
    40.6400         2
    40.6600         4
    40.6800         6
    40.7000         6
    40.7200         6
    40.7400         8
    40.7600         3
    40.7800         0
    40.8000         0
    40.8200         0
    40.8400         0
    40.8600         0
    40.8800         3
    40.9000         4
    40.9200         2
    40.9400         4
    40.9600         6
    40.9800         4
    41.0000         3
    41.0200         1
    41.0400         1
    41.0600         0
    41.0800         0
    41.1000         0
    41.1200         0
    41.1400         0
    41.1600         2
    41.1800         4
    41.2000         3
    41.2200         1
    41.2400         1
    41.2600         1
    41.2800         1
    41.3000         0
    41.3200         2
    41.3400         2
    41.3600         6
    41.3800         5
    41.4000         8
    41.4200         9
    41.4400         7
    41.4600         7
    41.4800         5
    41.5000         2
    41.5200         0
    41.5400         0
    41.5600         0
    41.5800         0
    41.6000         0
    41.6200         2
    41.6400         2
    41.6600         2
    41.6800         3
    41.7000         5
    41.7200        10
    41.7400         9
    41.7600        15
    41.7800        17
    41.8000        15
    41.8200        13
    41.8400        10
    41.8600         8
    41.8800         6
    41.9000         6
    41.9200         6
    41.9400         5
    41.9600         5
    41.9800         5
    42.0000         2
    42.0200         5
    42.0400         5
    42.0600         4
    42.0800         7
    42.1000         6
    42.1200         4
    42.1400         4
    42.1600         2
    42.1800         6
    42.2000        10
    42.2200        13
    42.2400        15
    42.2600        12
    42.2800        10
    42.3000        10
    42.3200         9
    42.3400         9
    42.3600        10
    42.3800        12
    42.4000        21
    42.4200        30
    42.4400        34
    42.4600        40
    42.4800        45
    42.5000        52
    42.5200        54
    42.5400        55
    42.5600        61
    42.5800        67
    42.6000        73
    42.6200        89
    42.6400       110
    42.6600       132
    42.6800       157
    42.7000       185
    42.7200       219
    42.7400       264
    42.7600       318
    42.7800       395
    42.8000       476
    42.8200       554
    42.8400       623
    42.8600       684
    42.8800       739
    42.9000       773
    42.9200       786
    42.9400       772
    42.9600       733
    42.9800       666
    43.0000       579
    43.0200       480
    43.0400       386
    43.0600       301
    43.0800       226
    43.1000       171
    43.1200       117
    43.1400        68
    43.1600        32
    43.1800        14
    43.2000        12
    43.2200        11
    43.2400        14
    43.2600        12
    43.2800        14
    43.3000        16
    43.3200        16
    43.3400        15
    43.3600        18
    43.3800        15
    43.4000        14
    43.4200        11
    43.4400         7
    43.4600         2
    43.4800         0
    43.5000         1
    43.5200         4
    43.5400         6
    43.5600         7
    43.5800        12
    43.6000        12
    43.6200        15
    43.6400        21
    43.6600        20
    43.6800        26
    43.7000        30
    43.7200        37
    43.7400        37
    43.7600        38
    43.7800        43
    43.8000        47
    43.8200        56
    43.8400        65
    43.8600        75
    43.8800        89
    43.9000       111
    43.9200       124
    43.9400       150
    43.9600       169
    43.9800       195
    44.0000       227
    44.0200       262
    44.0400       303
    44.0600       351
    44.0800       411
    44.1000       484
    44.1200       564
    44.1400       655
    44.1600       754
    44.1800       863
    44.2000       967
    44.2200      1070
    44.2400      1153
    44.2600      1207
    44.2800      1236
    44.3000      1250
    44.3200      1228
    44.3400      1190
    44.3600      1126
    44.3800      1044
    44.4000       939
    44.4200       819
    44.4400       700
    44.4600       578
    44.4800       463
    44.5000       362
    44.5200       264
    44.5400       192
    44.5600       116
    44.5800        61
    44.6000        25
    44.6200         9
    44.6400         2
    44.6600         8
    44.6800        13
    44.7000        20
    44.7200        22
    44.7400        25
    44.7600        30
    44.7800        23
    44.8000        22
    44.8200        16
    44.8400        13
    44.8600        12
    44.8800         7
    44.9000         6
    44.9200        12
    44.9400        13
    44.9600        20
    44.9800        18
    45.0000        18
    45.0200        17
    45.0400        14
    45.0600        14
    45.0800        12
    45.1000        10
    45.1200        10
    45.1400         8
    45.1600        10
    45.1800         9
    45.2000         6
    45.2200         2
    45.2400         5
    45.2600         5
    45.2800         5
    45.3000         4
    45.3200         7
    45.3400        10
    45.3600         5
    45.3800         7
    45.4000         5
    45.4200         3
    45.4400         3
    45.4600         0
    45.4800         3
    45.5000         3
    45.5200         3
    45.5400         5
    45.5600         8
    45.5800        10
    45.6000        13
    45.6200        11
    45.6400        11
    45.6600        10
    45.6800         8
    45.7000         6
    45.7200         6
    45.7400         5
    45.7600         3
    45.7800         3
    45.8000         0
    45.8200         2
    45.8400         0
    45.8600         0
    45.8800         0
    45.9000         0
    45.9200         3
    45.9400         0
    45.9600         1
    45.9800         1
    46.0000         0
    46.0200         0
    46.0400         0
    46.0600         0
    46.0800         0
    46.1000         0
    46.1200         1
    46.1400         3
    46.1600         4
    46.1800         2
    46.2000         5
    46.2200         8
    46.2400        10
    46.2600        10
    46.2800         9
    46.3000        10
    46.3200        10
    46.3400         7
    46.3600         6
    46.3800         2
    46.4000         1
    46.4200         1
    46.4400         2
    46.4600         3
    46.4800         2
    46.5000         0
    46.5200         5
    46.5400         7
    46.5600         5
    46.5800         7
    46.6000         6
    46.6200         7
    46.6400         6
    46.6600         5
    46.6800         5
    46.7000         2
    46.7200         6
    46.7400         5
    46.7600         8
    46.7800         4
    46.8000         4
    46.8200         2
    46.8400         4
    46.8600         4
    46.8800         3
    46.9000         4
    46.9200         5
    46.9400         6
    46.9600         6
    46.9800         7
    47.0000         9
    47.0200         9
    47.0400        14
    47.0600        11
    47.0800        12
    47.1000         8
    47.1200         7
    47.1400         7
    47.1600         6
    47.1800         1
    47.2000         0
    47.2200         2
    47.2400         4
    47.2600         5
    47.2800         6
    47.3000         5
    47.3200         6
    47.3400         9
    47.3600        10
    47.3800         7
    47.4000         8
    47.4200         8
    47.4400         9
    47.4600         9
    47.4800         7
    47.5000         4
    47.5200         6
    47.5400         4
    47.5600         1
    47.5800         0
    47.6000         0
    47.6200         0
    47.6400         0
    47.6600         0
    47.6800         0
    47.7000         2
    47.7200         1
    47.7400         1
    47.7600         1
    47.7800         1
    47.8000         1
    47.8200         0
    47.8400         0
    47.8600         0
    47.8800         0
    47.9000         3
    47.9200         2
    47.9400         2
    47.9600         2
    47.9800         4
    48.0000         7
    48.0200        10
    48.0400        13
    48.0600        16
    48.0800        19
    48.1000        15
    48.1200        13
    48.1400         8
    48.1600         6
    48.1800         3
    48.2000         0
    48.2200         0
    48.2400         0
    48.2600         0
    48.2800         0
    48.3000         0
    48.3200         0
    48.3400         5
    48.3600        10
    48.3800        11
    48.4000         9
    48.4200         7
    48.4400         9
    48.4600         7
    48.4800         6
    48.5000         1
    48.5200         0
    48.5400         0
    48.5600         0
    48.5800         0
    48.6000         0
    48.6200         0
    48.6400         1
    48.6600         1
    48.6800         1
    48.7000         2
    48.7200         2
    48.7400         1
    48.7600         1
    48.7800         0
    48.8000         0
    48.8200         0
    48.8400         0
    48.8600         1
    48.8800         1
    48.9000         0
    48.9200         0
    48.9400         2
    48.9600         0
    48.9800         0
    49.0000         0
    49.0200         0
    49.0400         0
    49.0600         0
    49.0800         0
    49.1000         0
    49.1200         0
    49.1400         0
    49.1600         1
    49.1800         5
    49.2000         5
    49.2200         8
    49.2400         8
    49.2600         7
    49.2800         6
    49.3000         3
    49.3200         4
    49.3400         4
    49.3600         1
    49.3800         2
    49.4000         4
    49.4200         5
    49.4400         8
    49.4600        10
    49.4800        15
    49.5000        16
    49.5200        16
    49.5400        18
    49.5600        19
    49.5800        20
    49.6000        19
    49.6200        19
    49.6400        25
    49.6600        30
    49.6800        33
    49.7000        44
    49.7200        52
    49.7400        67
    49.7600        80
    49.7800        97
    49.8000       109
    49.8200       120
    49.8400       130
    49.8600       147
    49.8800       166
    49.9000       186
    49.9200       214
    49.9400       247
    49.9600       283
    49.9800       320
    50.0000       349
    50.0200       373
    50.0400       389
    50.0600       393
    50.0800       382
    50.1000       360
    50.1200       321
    50.1400       274
    50.1600       224
    50.1800       180
    50.2000       139
    50.2200       100
    50.2400        69
    50.2600        46
    50.2800        36
    50.3000        26
    50.3200        15
    50.3400         9
    50.3600         8
    50.3800         9
    50.4000         6
    50.4200         2
    50.4400         3
    50.4600         2
    50.4800         4
    50.5000         6
    50.5200         7
    50.5400         7
    50.5600         7
    50.5800         6
    50.6000         8
    50.6200         5
    50.6400         5
    50.6600         6
    50.6800         8
    50.7000         7
    50.7200         9
    50.7400        11
    50.7600         8
    50.7800         5
    50.8000         0
    50.8200         0
    50.8400         0
    50.8600         0
    50.8800         0
    50.9000         0
    50.9200         0
    50.9400         1
    50.9600         2
    50.9800         2
    51.0000         3
    51.0200         3
    51.0400         1
    51.0600         1
    51.0800         0
    51.1000         1
    51.1200         0
    51.1400         0
    51.1600         0
    51.1800         0
    51.2000         0
    51.2200         0
    51.2400         1
    51.2600         1
    51.2800         1
    51.3000         1
    51.3200         0
    51.3400         0
    51.3600         0
    51.3800         0
    51.4000         5
    51.4200         7
    51.4400         9
    51.4600         8
    51.4800         9
    51.5000        11
    51.5200         5
    51.5400         7
    51.5600         5
    51.5800         6
    51.6000         6
    51.6200         5
    51.6400         6
    51.6600         6
    51.6800         3
    51.7000         4
    51.7200         4
    51.7400         5
    51.7600         4
    51.7800         1
    51.8000         3
    51.8200         6
    51.8400         5
    51.8600        10
    51.8800         8
    51.9000         9
    51.9200        12
    51.9400        11
    51.9600        11
    51.9800         7
    52.0000         3
    52.0200         1
    52.0400         3
    52.0600         0
    52.0800         1
    52.1000         3
    52.1200         3
    52.1400         7
    52.1600         7
    52.1800         7
    52.2000         9
    52.2200         9
    52.2400        10
    52.2600         9
    52.2800         6
    52.3000         6
    52.3200         4
    52.3400         3
    52.3600         2
    52.3800         2
    52.4000         5
    52.4200         4
    52.4400         0
    52.4600         0
    52.4800         0
    52.5000         0
    52.5200         0
    52.5400         0
    52.5600         0
    52.5800         3
    52.6000         5
    52.6200         7
    52.6400         8
    52.6600         9
    52.6800         8
    52.7000        10
    52.7200        12
    52.7400        11
    52.7600        10
    52.7800         6
    52.8000         5
    52.8200         4
    52.8400         3
    52.8600         0
    52.8800         0
    52.9000         0
    52.9200         5
    52.9400         6
    52.9600         5
    52.9800         7
    53.0000         9
    53.0200        13
    53.0400        11
    53.0600         7
    53.0800         4
    53.1000         4
    53.1200         4
    53.1400         5
    53.1600         4
    53.1800         3
    53.2000         7
    53.2200        11
    53.2400        13
    53.2600        13
    53.2800         9
    53.3000         9
    53.3200        10
    53.3400         7
    53.3600         4
    53.3800         2
    53.4000         4
    53.4200         6
    53.4400         5
    53.4600         7
    53.4800         9
    53.5000        11
    53.5200        14
    53.5400        14
    53.5600        12
    53.5800        10
    53.6000         8
    53.6200         7
    53.6400         9
    53.6600         5
    53.6800         5
    53.7000         3
    53.7200         5
    53.7400         3
    53.7600         1
    53.7800         3
    53.8000         5
    53.8200         3
    53.8400         4
    53.8600         4
    53.8800         4
    53.9000         5
    53.9200         6
    53.9400         5
    53.9600         2
    53.9800         0
    54.0000         0
    54.0200         0
    54.0400         0
    54.0600         0
    54.0800         0
    54.1000         0
    54.1200         1
    54.1400         2
    54.1600         6
    54.1800         6
    54.2000         9
    54.2200        10
    54.2400        11
    54.2600        10
    54.2800        10
    54.3000        11
    54.3200        13
    54.3400        14
    54.3600        13
    54.3800        12
    54.4000        12
    54.4200         8
    54.4400         9
    54.4600         8
    54.4800         5
    54.5000         4
    54.5200         1
    54.5400         0
    54.5600         0
    54.5800         0
    54.6000         0
    54.6200         2
    54.6400         2
    54.6600         0
    54.6800         2
    54.7000         1
    54.7200         3
    54.7400         3
    54.7600         6
    54.7800         2
    54.8000         4
    54.8200         5
    54.8400         0
    54.8600         0
    54.8800         0
    54.9000         0
    54.9200         0
    54.9400         0
    54.9600         0
    54.9800         1
    55.0000         0
    55.0200         1
    55.0400         3
    55.0600         6
    55.0800         7
    55.1000         9
    55.1200        12
    55.1400        10
    55.1600         7
    55.1800         7
    55.2000         3
    55.2200         2
    55.2400         0
    55.2600         0
    55.2800         0
    55.3000         0
    55.3200         0
    55.3400         1
    55.3600         5
    55.3800        11
    55.4000        12
    55.4200        13
    55.4400        15
    55.4600        14
    55.4800        16
    55.5000        13
    55.5200         7
    55.5400         3
    55.5600         0
    55.5800         0
    55.6000         0
    55.6200         0
    55.6400         0
    55.6600         0
    55.6800         5
    55.7000         8
    55.7200         6
    55.7400         9
    55.7600         9
    55.7800         8
    55.8000         4
    55.8200         0
    55.8400         0
    55.8600         0
    55.8800         0
    55.9000         0
    55.9200         0
    55.9400         2
    55.9600         4
    55.9800         7
    56.0000         9
    56.0200         9
    56.0400         7
    56.0600        11
    56.0800        13
    56.1000        12
    56.1200        11
    56.1400        10
    56.1600         6
    56.1800         5
    56.2000         6
    56.2200         3
    56.2400         1
    56.2600         0
    56.2800         0
    56.3000         0
    56.3200         0
    56.3400         0
    56.3600         0
    56.3800         4
    56.4000         7
    56.4200         8
    56.4400         8
    56.4600         5
    56.4800         4
    56.5000         4
    56.5200         3
    56.5400         0
    56.5600         0
    56.5800         0
    56.6000         0
    56.6200         0
    56.6400         1
    56.6600         3
    56.6800         5
    56.7000         5
    56.7200         7
    56.7400         5
    56.7600         5
    56.7800         2
    56.8000         2
    56.8200         0
    56.8400         0
    56.8600         0
    56.8800         0
    56.9000         0
    56.9200         0
    56.9400         0
    56.9600         4
    56.9800         7
    57.0000         9
    57.0200        12
    57.0400        14
    57.0600        14
    57.0800        14
    57.1000        15
    57.1200        16
    57.1400        14
    57.1600        14
    57.1800        11
    57.2000         8
    57.2200         6
    57.2400         0
    57.2600         2
    57.2800         7
    57.3000         8
    57.3200        11
    57.3400        14
    57.3600        14
    57.3800        14
    57.4000        16
    57.4200        13
    57.4400         8
    57.4600         6
    57.4800         0
    57.5000         0
    57.5200         0
    57.5400         0
    57.5600         0
    57.5800         0
    57.6000         0
    57.6200         0
    57.6400         2
    57.6600         3
    57.6800         3
    57.7000         6
    57.7200        10
    57.7400        14
    57.7600        17
    57.7800        13
    57.8000         9
    57.8200         7
    57.8400         8
    57.8600         8
    57.8800         2
    57.9000         0
    57.9200         0
    57.9400         0
    57.9600         0
    57.9800         0
    58.0000         0
    58.0200         3
    58.0400         6
    58.0600         9
    58.0800         9
    58.1000         5
    58.1200         5
    58.1400         6
    58.1600         6
    58.1800         0
    58.2000         0
    58.2200         0
    58.2400         0
    58.2600         3
    58.2800         0
    58.3000         0
    58.3200         0
    58.3400         3
    58.3600         3
    58.3800         9
    58.4000         9
    58.4200         7
    58.4400        11
    58.4600        10
    58.4800         9
    58.5000         7
    58.5200         3
    58.5400         1
    58.5600         0
    58.5800         1
    58.6000         0
    58.6200         0
    58.6400         0
    58.6600         0
    58.6800         2
    58.7000         5
    58.7200         4
    58.7400         4
    58.7600         9
    58.7800        11
    58.8000        10
    58.8200         9
    58.8400         4
    58.8600         6
    58.8800         4
    58.9000         4
    58.9200         1
    58.9400         2
    58.9600         2
    58.9800         1
    59.0000         0
    59.0200         0
    59.0400         0
    59.0600         1
    59.0800         4
    59.1000         6
    59.1200         5
    59.1400         7
    59.1600         7
    59.1800         8
    59.2000         7
    59.2200         7
    59.2400         5
    59.2600         6
    59.2800         5
    59.3000         4
    59.3200         0
    59.3400         1
    59.3600         1
    59.3800         0
    59.4000         0
    59.4200         0
    59.4400         0
    59.4600         0
    59.4800         1
    59.5000         0
    59.5200         0
    59.5400         1
    59.5600         3
    59.5800         6
    59.6000         9
    59.6200        13
    59.6400        14
    59.6600        13
    59.6800         7
    59.7000         6
    59.7200         6
    59.7400         7
    59.7600         5
    59.7800         1
    59.8000         0
    59.8200         0
    59.8400         0
    59.8600         0
    59.8800         0
    59.9000         0
    59.9200         1
    59.9400         0
    59.9600         2
    59.9800         2
    60.0000         2
    60.0200         2
    60.0400         4
    60.0600         9
    60.0800        10
    60.1000         8
    60.1200         7
    60.1400         8
    60.1600         7
    60.1800         7
    60.2000         6
    60.2200         3
    60.2400         1
    60.2600         3
    60.2800         3
    60.3000         2
    60.3200         6
    60.3400         6
    60.3600         6
    60.3800        10
    60.4000        15
    60.4200        15
    60.4400        10
    60.4600         9
    60.4800         5
    60.5000         1
    60.5200         1
    60.5400         0
    60.5600         0
    60.5800         0
    60.6000         0
    60.6200         0
    60.6400         1
    60.6600         4
    60.6800         5
    60.7000         8
    60.7200         9
    60.7400         5
    60.7600         3
    60.7800         2
    60.8000         2
    60.8200         0
    60.8400         0
    60.8600         0
    60.8800         0
    60.9000         4
    60.9200         7
    60.9400        10
    60.9600        17
    60.9800        18
    61.0000        20
    61.0200        21
    61.0400        18
    61.0600        16
    61.0800        12
    61.1000        11
    61.1200         6
    61.1400         4
    61.1600         0
    61.1800         0
    61.2000         0
    61.2200         0
    61.2400         0
    61.2600         0
    61.2800         0
    61.3000         0
    61.3200         2
    61.3400         2
    61.3600         2
    61.3800         4
    61.4000         4
    61.4200         4
    61.4400         4
    61.4600         5
    61.4800         2
    61.5000         0
    61.5200         0
    61.5400         2
    61.5600         1
    61.5800         0
    61.6000         0
    61.6200         0
    61.6400         0
    61.6600         1
    61.6800         1
    61.7000         1
    61.7200         0
    61.7400         1
    61.7600         0
    61.7800         0
    61.8000         1
    61.8200         0
    61.8400         0
    61.8600         0
    61.8800         1
    61.9000         0
    61.9200         0
    61.9400         0
    61.9600         0
    61.9800         3
    62.0000         3
    62.0200         4
    62.0400         3
    62.0600         6
    62.0800         6
    62.1000         4
    62.1200         1
    62.1400         0
    62.1600         0
    62.1800         1
    62.2000         0
    62.2200         0
    62.2400         0
    62.2600         0
    62.2800         0
    62.3000         2
    62.3200         1
    62.3400         5
    62.3600         5
    62.3800         5
    62.4000         3
    62.4200         1
    62.4400         1
    62.4600         0
    62.4800         2
    62.5000         2
    62.5200         0
    62.5400         0
    62.5600         0
    62.5800         0
    62.6000         1
    62.6200         8
    62.6400         8
    62.6600        11
    62.6800        10
    62.7000         9
    62.7200         6
    62.7400         7
    62.7600         6
    62.7800         3
    62.8000         0
    62.8200         0
    62.8400         0
    62.8600         0
    62.8800         0
    62.9000         0
    62.9200         0
    62.9400         0
    62.9600         1
    62.9800         2
    63.0000         2
    63.0200         5
    63.0400         9
    63.0600        10
    63.0800         7
    63.1000         6
    63.1200         7
    63.1400         8
    63.1600         5
    63.1800         4
    63.2000         0
    63.2200         0
    63.2400         0
    63.2600         0
    63.2800         0
    63.3000         0
    63.3200         0
    63.3400         0
    63.3600         1
    63.3800         4
    63.4000         5
    63.4200         6
    63.4400        10
    63.4600         9
    63.4800         8
    63.5000        10
    63.5200         7
    63.5400         5
    63.5600         2
    63.5800         1
    63.6000         0
    63.6200         0
    63.6400         0
    63.6600         0
    63.6800         0
    63.7000         0
    63.7200         0
    63.7400         0
    63.7600         0
    63.7800         1
    63.8000         4
    63.8200        11
    63.8400        10
    63.8600         9
    63.8800         3
    63.9000         3
    63.9200         3
    63.9400         0
    63.9600         1
    63.9800         1
    64.0000         0
    64.0200         0
    64.0400         3
    64.0600         9
    64.0800        11
    64.1000        13
    64.1200        20
    64.1400        23
    64.1600        25
    64.1800        26
    64.2000        28
    64.2200        36
    64.2400        40
    64.2600        46
    64.2800        57
    64.3000        66
    64.3200        79
    64.3400        94
    64.3600       109
    64.3800       127
    64.4000       143
    64.4200       166
    64.4400       192
    64.4600       216
    64.4800       249
    64.5000       293
    64.5200       340
    64.5400       389
    64.5600       448
    64.5800       511
    64.6000       571
    64.6200       635
    64.6400       688
    64.6600       731
    64.6800       760
    64.7000       772
    64.7200       773
    64.7400       753
    64.7600       709
    64.7800       657
    64.8000       594
    64.8200       523
    64.8400       444
    64.8600       365
    64.8800       301
    64.9000       234
    64.9200       174
    64.9400       129
    64.9600        91
    64.9800        64
    65.0000        44
    65.0200        27
    65.0400        24
    65.0600        15
    65.0800        12
    65.1000        15
    65.1200        12
    65.1400         9
    65.1600         7
    65.1800         7
    65.2000        11
    65.2200         8
    65.2400         9
    65.2600        10
    65.2800         4
    65.3000         5
    65.3200         4
    65.3400         2
    65.3600         2
    65.3800         1
    65.4000         1
    65.4200         3
    65.4400         1
    65.4600         4
    65.4800         7
    65.5000         7
    65.5200        10
    65.5400        13
    65.5600        14
    65.5800        12
    65.6000        13
    65.6200        13
    65.6400         8
    65.6600         3
    65.6800         2
    65.7000         0
    65.7200         0
    65.7400         0
    65.7600         0
    65.7800         0
    65.8000         0
    65.8200         2
    65.8400         8
    65.8600         9
    65.8800         7
    65.9000         3
    65.9200         5
    65.9400         3
    65.9600         3
    65.9800         3
    66.0000         2
    66.0200         0
    66.0400         0
    66.0600         0
    66.0800         1
    66.1000         2
    66.1200         3
    66.1400         6
    66.1600        10
    66.1800        10
    66.2000        12
    66.2200        14
    66.2400        17
    66.2600        16
    66.2800        13
    66.3000        11
    66.3200         5
    66.3400         0
    66.3600         0
    66.3800         2
    66.4000         0
    66.4200         1
    66.4400         0
    66.4600         0
    66.4800         0
    66.5000         0
    66.5200         1
    66.5400         2
    66.5600         2
    66.5800         1
    66.6000         2
    66.6200         1
    66.6400         4
    66.6600         2
    66.6800         4
    66.7000         5
    66.7200         1
    66.7400         7
    66.7600         6
    66.7800         7
    66.8000         9
    66.8200         9
    66.8400         6
    66.8600         8
    66.8800         9
    66.9000        10
    66.9200         8
    66.9400         7
    66.9600         7
    66.9800         5
    67.0000         4
    67.0200         4
    67.0400         4
    67.0600         4
    67.0800         5
    67.1000         5
    67.1200         7
    67.1400         3
    67.1600         2
    67.1800         1
    67.2000         1
    67.2200         1
    67.2400         1
    67.2600         0
    67.2800         0
    67.3000         0
    67.3200         0
    67.3400         0
    67.3600         0
    67.3800         2
    67.4000         5
    67.4200         6
    67.4400         6
    67.4600         5
    67.4800         6
    67.5000         3
    67.5200         3
    67.5400         1
    67.5600         0
    67.5800         0
    67.6000         0
    67.6200         0
    67.6400         0
    67.6600         0
    67.6800         0
    67.7000         0
    67.7200         0
    67.7400         0
    67.7600         0
    67.7800         1
    67.8000         1
    67.8200         1
    67.8400         1
    67.8600         1
    67.8800         0
    67.9000         0
    67.9200         0
    67.9400         0
    67.9600         0
    67.9800         0
    68.0000         0
    68.0200         1
    68.0400         2
    68.0600         5
    68.0800         6
    68.1000         8
    68.1200         8
    68.1400         9
    68.1600         6
    68.1800         4
    68.2000         2
    68.2200         0
    68.2400         0
    68.2600         0
    68.2800         0
    68.3000         0
    68.3200         0
    68.3400         0
    68.3600         0
    68.3800         2
    68.4000         2
    68.4200         4
    68.4400         2
    68.4600         2
    68.4800         2
    68.5000         2
    68.5200         2
    68.5400         1
    68.5600         1
    68.5800         0
    68.6000         1
    68.6200         0
    68.6400         0
    68.6600         0
    68.6800         0
    68.7000         0
    68.7200         0
    68.7400         0
    68.7600         0
    68.7800         0
    68.8000         1
    68.8200         0
    68.8400         7
    68.8600         8
    68.8800        11
    68.9000        13
    68.9200        13
    68.9400        11
    68.9600         7
    68.9800         3
    69.0000         2
    69.0200         2
    69.0400         0
    69.0600         0
    69.0800         0
    69.1000         0
    69.1200         0
    69.1400         0
    69.1600         0
    69.1800         1
    69.2000         4
    69.2200         3
    69.2400         1
    69.2600         2
    69.2800         6
    69.3000         6
    69.3200         7
    69.3400         8
    69.3600         8
    69.3800        10
    69.4000         9
    69.4200        13
    69.4400        13
    69.4600        17
    69.4800        15
    69.5000        15
    69.5200        13
    69.5400         9
    69.5600         7
    69.5800         8
    69.6000         7
    69.6200         0
    69.6400         0
    69.6600         0
    69.6800         0
    69.7000         0
    69.7200         0
    69.7400         3
    69.7600         8
    69.7800         9
    69.8000        10
    69.8200        15
    69.8400        16
    69.8600        12
    69.8800        11
    69.9000         8
    69.9200         5
    69.9400         0
    69.9600         0
    69.9800         0
    70.0000         0
    70.0200         0
    70.0400         0
    70.0600         3
    70.0800         4
    70.1000         7
    70.1200        11
    70.1400        13
    70.1600        12
    70.1800         9
    70.2000        12
    70.2200         8
    70.2400         6
    70.2600         5
    70.2800         3
    70.3000         6
    70.3200         5
    70.3400         4
    70.3600         3
    70.3800         2
    70.4000         2
    70.4200         5
    70.4400         4
    70.4600         4
    70.4800         5
    70.5000         3
    70.5200         4
    70.5400         3
    70.5600         6
    70.5800        10
    70.6000        12
    70.6200        10
    70.6400        11
    70.6600         8
    70.6800         9
    70.7000         9
    70.7200         9
    70.7400         6
    70.7600         0
    70.7800         0
    70.8000         0
    70.8200         0
    70.8400         0
    70.8600         1
    70.8800         2
    70.9000         4
    70.9200         3
    70.9400         6
    70.9600        12
    70.9800        11
    71.0000        14
    71.0200        11
    71.0400         8
    71.0600         5
    71.0800         3
    71.1000         3
    71.1200         1
    71.1400         0
    71.1600         0
    71.1800         2
    71.2000         3
    71.2200         6
    71.2400         9
    71.2600        14
    71.2800        16
    71.3000        14
    71.3200        13
    71.3400        12
    71.3600        10
    71.3800         6
    71.4000         2
    71.4200         0
    71.4400         0
    71.4600         0
    71.4800         0
    71.5000         0
    71.5200         0
    71.5400         0
    71.5600         0
    71.5800         1
    71.6000         6
    71.6200        10
    71.6400        14
    71.6600        18
    71.6800        19
    71.7000        19
    71.7200        20
    71.7400        17
    71.7600        18
    71.7800        15
    71.8000         6
    71.8200         3
    71.8400         1
    71.8600         0
    71.8800         0
    71.9000         0
    71.9200         0
    71.9400         0
    71.9600         0
    71.9800         0
    72.0000         0
    72.0200         2
    72.0400         7
    72.0600         9
    72.0800        10
    72.1000        11
    72.1200        10
    72.1400         8
    72.1600         7
    72.1800         6
    72.2000         8
    72.2200         5
    72.2400         1
    72.2600         0
    72.2800         0
    72.3000         0
    72.3200         0
    72.3400         0
    72.3600         2
    72.3800         4
    72.4000         1
    72.4200         3
    72.4400         6
    72.4600         2
    72.4800         3
    72.5000         2
    72.5200         3
    72.5400         3
    72.5600         3
    72.5800         5
    72.6000         2
    72.6200         4
    72.6400         3
    72.6600         6
    72.6800         6
    72.7000         5
    72.7200         6
    72.7400         9
    72.7600         5
    72.7800         2
    72.8000         3
    72.8200         6
    72.8400         9
    72.8600         8
    72.8800         9
    72.9000        14
    72.9200        15
    72.9400        14
    72.9600        15
    72.9800        16
    73.0000        13
    73.0200        10
    73.0400         9
    73.0600         7
    73.0800         4
    73.1000         6
    73.1200         8
    73.1400         9
    73.1600        12
    73.1800        11
    73.2000        17
    73.2200        20
    73.2400        21
    73.2600        18
    73.2800        18
    73.3000        20
    73.3200        16
    73.3400        15
    73.3600        17
    73.3800        16
    73.4000        25
    73.4200        33
    73.4400        44
    73.4600        59
    73.4800        74
    73.5000        87
    73.5200       108
    73.5400       122
    73.5600       137
    73.5800       151
    73.6000       173
    73.6200       188
    73.6400       201
    73.6600       225
    73.6800       250
    73.7000       274
    73.7200       304
    73.7400       327
    73.7600       345
    73.7800       356
    73.8000       351
    73.8200       337
    73.8400       313
    73.8600       274
    73.8800       234
    73.9000       193
    73.9200       151
    73.9400       111
    73.9600        83
    73.9800        60
    74.0000        43
    74.0200        28
    74.0400        24
    74.0600        18
    74.0800        19
    74.1000        18
    74.1200        14
    74.1400        15
    74.1600        13
    74.1800         2
    74.2000         0
    74.2200         0
    74.2400         0
    74.2600         5
    74.2800         7
    74.3000         7
    74.3200         8
    74.3400         7
    74.3600         8
    74.3800         7
    74.4000        10
    74.4200         9
    74.4400        11
    74.4600         8
    74.4800         2
    74.5000         0
    74.5200         0
    74.5400         0
    74.5600         0
    74.5800         0
    74.6000         0
    74.6200         0
    74.6400         0
    74.6600         0
    74.6800         4
    74.7000         5
    74.7200         6
    74.7400         9
    74.7600        11
    74.7800         8
    74.8000         5
    74.8200         5
    74.8400         4
    74.8600         7
    74.8800         8
    74.9000         8
    74.9200         2
    74.9400         6
    74.9600         7
    74.9800         5
    75.0000         8
    75.0200        13
    75.0400        11
    75.0600         7
    75.0800         5
    75.1000         6
    75.1200         4
    75.1400         8
    75.1600         6
    75.1800         8
    75.2000         7
    75.2200         6
    75.2400         2
    75.2600         3
    75.2800         3
    75.3000         3
    75.3200         4
    75.3400         2
    75.3600         0
    75.3800         0
    75.4000         0
    75.4200         2
    75.4400         1
    75.4600         2
    75.4800         0
    75.5000         2
    75.5200         5
    75.5400         6
    75.5600         8
    75.5800         8
    75.6000         7
    75.6200        10
    75.6400         8
    75.6600         7
    75.6800         5
    75.7000         6
    75.7200         6
    75.7400         1
    75.7600         0
    75.7800         0
    75.8000         0
    75.8200         2
    75.8400         2
    75.8600         5
    75.8800         6
    75.9000         9
    75.9200         9
    75.9400         9
    75.9600        12
    75.9800        12
    76.0000        12
    76.0200        11
    76.0400         8
    76.0600         4
    76.0800         1
    76.1000         0
    76.1200         0
    76.1400         0
    76.1600         0
    76.1800         0
    76.2000         0
    76.2200         4
    76.2400         6
    76.2600         4
    76.2800         8
    76.3000        13
    76.3200        13
    76.3400        10
    76.3600        11
    76.3800        12
    76.4000        13
    76.4200        10
    76.4400         8
    76.4600         6
    76.4800         4
    76.5000         0
    76.5200         0
    76.5400         0
    76.5600         0
    76.5800         0
    76.6000         0
    76.6200         0
    76.6400         0
    76.6600         0
    76.6800         5
    76.7000        11
    76.7200        14
    76.7400        14
    76.7600        14
    76.7800        13
    76.8000        14
    76.8200        13
    76.8400        10
    76.8600         7
    76.8800         9
    76.9000         7
    76.9200         2
    76.9400         1
    76.9600         4
    76.9800         4
    77.0000         5
    77.0200         6
    77.0400         4
    77.0600         6
    77.0800         7
    77.1000         9
    77.1200        13
    77.1400        11
    77.1600        10
    77.1800         9
    77.2000        10
    77.2200        14
    77.2400        18
    77.2600        20
    77.2800        25
    77.3000        31
    77.3200        36
    77.3400        40
    77.3600        40
    77.3800        49
    77.4000        57
    77.4200        63
    77.4400        70
    77.4600        76
    77.4800        85
    77.5000        97
    77.5200       111
    77.5400       130
    77.5600       150
    77.5800       174
    77.6000       203
    77.6200       239
    77.6400       282
    77.6600       333
    77.6800       392
    77.7000       464
    77.7200       527
    77.7400       601
    77.7600       671
    77.7800       738
    77.8000       792
    77.8200       838
    77.8400       869
    77.8600       881
    77.8800       874
    77.9000       846
    77.9200       799
    77.9400       740
    77.9600       668
    77.9800       594
    78.0000       509
    78.0200       425
    78.0400       351
    78.0600       278
    78.0800       209
    78.1000       164
    78.1200       117
    78.1400        95
    78.1600        80
    78.1800        63
    78.2000        53
    78.2200        45
    78.2400        37
    78.2600        36
    78.2800        31
    78.3000        29
    78.3200        25
    78.3400        20
    78.3600        14
    78.3800         1
    78.4000         0
    78.4200         0
    78.4400         0
    78.4600         0
    78.4800         0
    78.5000         0
    78.5200         0
    78.5400         0
    78.5600         1
    78.5800         5
    78.6000         7
    78.6200        18
    78.6400        21
    78.6600        22
    78.6800        24
    78.7000        23
    78.7200        24
    78.7400        25
    78.7600        26
    78.7800        27
    78.8000        22
    78.8200        16
    78.8400        12
    78.8600        10
    78.8800         6
    78.9000         0
    78.9200         0
    78.9400         0
    78.9600         0
    78.9800         0
    79.0000         0
    79.0200         0
    79.0400         0
    79.0600         0
    79.0800         7
    79.1000         9
    79.1200        12
    79.1400        15
    79.1600        13
    79.1800        15
    79.2000        12
    79.2200        10
    79.2400         9
    79.2600         7
    79.2800         6
    79.3000         4
    79.3200         0
    79.3400         0
    79.3600         0
    79.3800         0
    79.4000         0
    79.4200         0
    79.4400         0
    79.4600         0
    79.4800         0
    79.5000         0
    79.5200         0
    79.5400         1
    79.5600         6
    79.5800        10
    79.6000         9
    79.6200        10
    79.6400        12
    79.6600        12
    79.6800        12
    79.7000        13
    79.7200        13
    79.7400        13
    79.7600        13
    79.7800        10
    79.8000         4
    79.8200         0
    79.8400         1
    79.8600         4
    79.8800         5
    79.9000         4
    79.9200         3
    79.9400         4
    79.9600         5
    79.9800         4